YPL090C RPS6A  PROTEIN SYNTHESIS        RIBOSOMAL PROTEIN S6A
YOR182C RPS30B PROTEIN SYNTHESIS        RIBOSOMAL PROTEIN S30B
YOR369C RPS12  PROTEIN SYNTHESIS        RIBOSOMAL PROTEIN S12
0.0833	-0.22	-0.3	-0.23	-0.1067	-0.1733	-0.0333	-0.1367	0.0133	-0.06	-0.0533	-0.1833	-0.0333	-0.2867	0.08	-0.1033	-0.0733	0.0867	-0.3	-0.22	0.2867	0.3133	0.4333	0.4233	0.1	0.46	0.0867	0.1133	0.0467	-0.1633	-0.1367	-0.2	0.1433	0.2933	-0.0033	-0.0867	-0.1867	0.0567	-0.0967	0.2967	0.1	-0.3833	-0.1267	-0.0833	-0.55	-0.2733	0.0033	-0.28	-1.51	-1.8567	-1.98	-1.18	-0.5633	0.0633	-0.31	1.1033	-2.5467	-3.13	-0.42	-1.04	-2.0667	-1.6067	-1.0767	-1.0533	0.28	0.21	-0.69	-1.23	-0.09	-0.2067	-0.8	-1.7167	0.0533	-0.09	0.19	0.0433	-0.1467	-1.06	-1.8367	

YGR270W YTA7   PROTEIN DEGRADATION      26S PROTEASOME SUBUNIT; ATPASE
0.0	-0.1	0.25	0.03	0.08	-0.25	0.04	-0.15	-0.07	-0.2	0.26	-0.03	0.03	-0.4	0.25	-0.04	-0.04	-0.29	-0.22	-0.4	-0.1	-0.25	-0.18	-0.42	-0.36	-0.23	0.0	-0.2	-0.6	-0.01	-0.17	-0.36	-0.25	-0.29	-0.32	-0.43	-0.84	-0.47	-0.3	-0.47	-0.43	-0.74	-0.6	0.36	-0.43	-0.22	-0.67	-0.43	-0.06	0.78	1.12	1.01	0.91	-0.79	0.07	-0.12	0.58	1.29	0.33	0.08	0.54	0.78	0.07	1.6	-0.36	-0.25	-0.22	-0.84	0.57	0.43	1.19	0.51	-0.18	-0.14	-0.22	-0.09	-0.1	-0.36	-0.14	

YPR001W CIT3   TCA CYCLE                CITRATE SYNTHASE
YLR038C COX12  OXIDATIVE PHOSPHORYLATIO CYTOCHROME-C OXIDASE, SUBUNIT VIB
YLR395C COX8   OXIDATIVE PHOSPHORYLATIO CYTOCHROME-C OXIDASE CHAIN VIII
YKL145W RPT1   PROTEIN DEGRADATION, UBI 26S PROTEASOME SUBUNIT
YGL048C RPT6   PROTEIN DEGRADATION      26S PROTEASOME REGULATORY SUBUNIT
YDL066W IDP1   TCA CYCLE                ISOCITRATE DEHYDROGENASE (NADP+)
YFL018C LPD1   TCA CYCLE                DIHYDROLIPOAMIDE DEHYDROGENASE
YGR183C QCR9   OXIDATIVE PHOSPHORYLATIO UBIQUINOL CYTOCHROME-C REDUCTASE SUBUNIT 9
-0.125	0.0762	0.085	0.0125	0.0612	-0.03	0.04	-0.1163	0.0425	0.02	-0.0813	-0.1525	0.0063	-0.395	-0.175	-0.1438	-0.1212	-0.1812	0.2225	-0.03	0.0025	-0.1175	-0.2125	-0.145	-0.11	0.2138	0.245	0.1875	0.1212	0.3163	0.22	0.2562	-0.4813	-0.37	-0.1888	0.0913	0.1962	0.2213	0.2925	0.29	0.17	0.1	0.3075	0.2225	0.4238	0.3662	0.5437	-0.1462	0.24	0.155	-0.0325	-0.5375	-0.6788	0.2625	-0.3113	-1.0588	0.0737	-0.1462	-0.035	0.0412	-0.0	-0.1038	-0.2562	-0.3175	-0.1613	-0.1675	-0.0775	-0.0837	-0.31	-0.1387	-0.36	-0.51	0.0375	0.0725	0.1525	0.0112	0.2275	0.7725	0.7212	
